unmerged
  0.444	  0.000	 99.000	
  0.914	  8.000	 58.000	
  0.960	  0.000	 50.000	
  0.607	  7.000	117.000	
  0.544	  3.000	149.000	
  0.385	  1.000	148.000	
  1.000	  2.000	 44.000	
  0.456	  1.000	 90.000	
  0.460	  4.000	161.000	
  0.917	  6.000	 84.000	

merged
  0.444	  0.000	 99.000	
  0.914	  8.000	 58.000	
  0.960	  0.000	 50.000	
  0.607	  7.000	117.000	
  0.544	  3.000	149.000	
  0.385	  1.000	148.000	
  1.000	  2.000	 44.000	
  0.456	  1.000	 90.000	
  0.460	  4.000	161.000	
  0.917	  6.000	 84.000	
