unmerged
  0.695	  1.000	174.000	
  0.408	  9.000	196.000	
  0.747	  3.000	 95.000	
  0.882	  7.000	144.000	
  0.944	  8.000	 72.000	
  0.883	  3.000	 60.000	
  0.622	  1.000	127.000	
  0.979	  2.000	 95.000	
  0.586	  4.000	116.000	
  0.305	  3.000	190.000	
  0.820	  5.000	 50.000	
  1.000	  8.000	 46.000	
  0.477	  9.000	111.000	
  0.966	  5.000	 88.000	
  0.927	  6.000	137.000	
  0.961	  2.000	 51.000	
  0.897	  0.000	 68.000	
  0.981	  6.000	 53.000	
  0.922	  0.000	 77.000	
  1.000	  0.000	 50.000	

merged
  0.695	  1.000	174.000	
  0.408	  9.000	196.000	
  0.747	  3.000	 95.000	
  0.882	  7.000	144.000	
  0.944	  8.000	 72.000	
  0.883	  3.000	 60.000	
  0.622	  1.000	127.000	
  0.979	  2.000	 95.000	
  0.586	  4.000	116.000	
  0.305	  3.000	190.000	
  0.820	  5.000	 50.000	
  1.000	  8.000	 46.000	
  0.477	  9.000	111.000	
  0.966	  5.000	 88.000	
  0.927	  6.000	137.000	
  0.961	  2.000	 51.000	
  0.897	  0.000	 68.000	
  0.981	  6.000	 53.000	
  0.922	  0.000	 77.000	
  1.000	  0.000	 50.000	
