unmerged
  0.636	  1.000	690.000	
  0.475	  5.000	476.000	
  0.509	  3.000	1001.000	
  0.482	  4.000	689.000	
  0.962	  0.000	286.000	
  0.360	  8.000	1041.000	
  0.940	  6.000	580.000	
  0.947	  7.000	475.000	
  0.980	  2.000	449.000	
  0.933	  0.000	313.000	

merged
  0.636	  1.000	690.000	
  0.475	  5.000	476.000	
  0.509	  3.000	1001.000	
  0.482	  4.000	689.000	
  0.962	  0.000	286.000	
  0.360	  8.000	1041.000	
  0.940	  6.000	580.000	
  0.947	  7.000	475.000	
  0.980	  2.000	449.000	
  0.933	  0.000	313.000	
