unmerged
  0.425	  2.000	367.000	
  0.961	  0.000	 77.000	
  0.481	  7.000	312.000	
  0.524	  3.000	229.000	
  0.576	  1.000	151.000	
  0.964	  6.000	 83.000	
  0.977	  0.000	 88.000	
  0.393	  8.000	313.000	
  0.893	  6.000	121.000	
  0.471	  4.000	259.000	

merged
  0.425	  2.000	367.000	
  0.970	  0.000	165.000	
  0.481	  7.000	312.000	
  0.524	  3.000	229.000	
  0.576	  1.000	151.000	
  0.922	  6.000	204.000	
  0.393	  8.000	313.000	
  0.471	  4.000	259.000	
    NaN	  9.000	  0.000	
    NaN	  9.000	  0.000	
