unmerged
  0.549	  1.000	182.000	
  0.588	  3.000	131.000	
  0.957	  0.000	 23.000	
  0.410	  9.000	144.000	
  0.949	  6.000	 59.000	
  0.943	  0.000	 53.000	
  0.899	  8.000	 69.000	
  0.360	  6.000	114.000	
  0.461	  7.000	152.000	
  0.918	  2.000	 73.000	

merged
  0.549	  1.000	182.000	
  0.588	  3.000	131.000	
  0.947	  0.000	 76.000	
  0.410	  9.000	144.000	
  0.561	  6.000	173.000	
  0.899	  8.000	 69.000	
  0.461	  7.000	152.000	
  0.918	  2.000	 73.000	
    NaN	  9.000	  0.000	
    NaN	  9.000	  0.000	
