unmerged
  0.877	  8.000	302.000	
  0.936	  6.000	388.000	
  0.975	  2.000	236.000	
  0.576	  1.000	451.000	
  0.405	  1.000	343.000	
  0.963	  0.000	378.000	
  0.929	  7.000	282.000	
  0.377	  9.000	464.000	
  0.502	  3.000	659.000	
  0.435	  4.000	497.000	

merged
  0.877	  8.000	302.000	
  0.936	  6.000	388.000	
  0.975	  2.000	236.000	
  0.503	  1.000	794.000	
  0.963	  0.000	378.000	
  0.929	  7.000	282.000	
  0.377	  9.000	464.000	
  0.502	  3.000	659.000	
  0.435	  4.000	497.000	
    NaN	  9.000	  0.000	
