unmerged
  0.479	  3.000	165.000	
  0.362	  9.000	240.000	
  1.000	  6.000	 33.000	
  1.000	  2.000	 47.000	
  0.978	  0.000	 45.000	
  0.885	  7.000	 61.000	
  0.469	  1.000	211.000	
  0.885	  0.000	 52.000	
  0.747	  8.000	 87.000	
  0.949	  6.000	 59.000	

merged
  0.479	  3.000	165.000	
  0.362	  9.000	240.000	
  1.000	  6.000	 33.000	
  1.000	  2.000	 47.000	
  0.978	  0.000	 45.000	
  0.885	  7.000	 61.000	
  0.469	  1.000	211.000	
  0.885	  0.000	 52.000	
  0.747	  8.000	 87.000	
  0.949	  6.000	 59.000	
