unmerged
  0.712	  1.000	459.000	
  0.975	  0.000	121.000	
  0.722	  1.000	370.000	
  0.377	  4.000	1086.000	
  0.984	  2.000	305.000	
  0.846	  5.000	143.000	
  0.526	  4.000	287.000	
  0.842	  3.000	355.000	
  0.443	  3.000	467.000	
  0.785	  7.000	390.000	
  0.945	  0.000	164.000	
  0.983	  6.000	117.000	
  0.993	  7.000	136.000	
  0.906	  0.000	159.000	
  0.939	  6.000	180.000	
  0.916	  6.000	310.000	
  0.954	  5.000	239.000	
  0.980	  2.000	148.000	
  0.938	  8.000	403.000	
  0.981	  0.000	161.000	

merged
  0.712	  1.000	459.000	
  0.975	  0.000	121.000	
  0.722	  1.000	370.000	
  0.377	  4.000	1086.000	
  0.984	  2.000	305.000	
  0.846	  5.000	143.000	
  0.526	  4.000	287.000	
  0.842	  3.000	355.000	
  0.443	  3.000	467.000	
  0.785	  7.000	390.000	
  0.945	  0.000	164.000	
  0.983	  6.000	117.000	
  0.993	  7.000	136.000	
  0.906	  0.000	159.000	
  0.939	  6.000	180.000	
  0.916	  6.000	310.000	
  0.954	  5.000	239.000	
  0.980	  2.000	148.000	
  0.938	  8.000	403.000	
  0.981	  0.000	161.000	
