unmerged
  0.948	  2.000	116.000	
  0.693	  1.000	573.000	
  0.892	  6.000	223.000	
  0.950	  0.000	159.000	
  0.986	  2.000	 72.000	
  0.964	  6.000	165.000	
  0.730	  5.000	115.000	
  0.990	  7.000	102.000	
  0.931	  5.000	144.000	
  0.451	  9.000	439.000	
  0.943	  0.000	229.000	
  0.868	  3.000	219.000	
  0.671	  8.000	252.000	
  0.572	  4.000	180.000	
  1.000	  2.000	117.000	
  0.949	  7.000	 98.000	
  0.435	  3.000	230.000	
  0.993	  8.000	146.000	
  0.536	  4.000	250.000	
  0.749	  7.000	171.000	

merged
  0.948	  2.000	116.000	
  0.693	  1.000	573.000	
  0.892	  6.000	223.000	
  0.950	  0.000	159.000	
  0.986	  2.000	 72.000	
  0.964	  6.000	165.000	
  0.730	  5.000	115.000	
  0.990	  7.000	102.000	
  0.931	  5.000	144.000	
  0.451	  9.000	439.000	
  0.943	  0.000	229.000	
  0.868	  3.000	219.000	
  0.671	  8.000	252.000	
  0.572	  4.000	180.000	
  1.000	  2.000	117.000	
  0.949	  7.000	 98.000	
  0.435	  3.000	230.000	
  0.993	  8.000	146.000	
  0.536	  4.000	250.000	
  0.749	  7.000	171.000	
