unmerged
  0.875	  6.000	144.000	
  0.889	  0.000	 27.000	
  1.000	  2.000	 36.000	
  0.911	  0.000	 45.000	
  0.947	  8.000	 57.000	
  0.678	  1.000	146.000	
  0.423	  7.000	213.000	
  0.867	  0.000	 30.000	
  0.939	  0.000	 66.000	
  0.694	  1.000	144.000	
  0.842	  8.000	101.000	
  0.969	  6.000	 64.000	
  0.874	  3.000	 95.000	
  0.524	  3.000	147.000	
  0.989	  2.000	 93.000	
  0.934	  7.000	 91.000	
  0.833	  5.000	 78.000	
  1.000	  0.000	 41.000	
  0.456	  4.000	318.000	
  0.828	  5.000	 64.000	

merged
  0.904	  6.000	208.000	
  0.928	  0.000	209.000	
  0.992	  2.000	129.000	
  0.947	  8.000	 57.000	
  0.401	  1.000	247.000	
  0.280	  1.000	357.000	
  0.457	  7.000	186.000	
  0.833	  5.000	 78.000	
  0.456	  4.000	318.000	
    NaN	  9.000	  0.000	
