unmerged
  0.914	  6.000	 81.000	
  0.378	  7.000	193.000	
  0.519	  1.000	129.000	
  0.528	  3.000	106.000	
  0.622	  8.000	119.000	
  0.562	  4.000	105.000	
  0.951	  0.000	 61.000	
  0.559	  1.000	 59.000	
  0.974	  2.000	 38.000	
  0.358	  0.000	109.000	

merged
  0.914	  6.000	 81.000	
  0.378	  7.000	193.000	
  0.532	  1.000	188.000	
  0.528	  3.000	106.000	
  0.622	  8.000	119.000	
  0.562	  4.000	105.000	
  0.571	  0.000	170.000	
  0.974	  2.000	 38.000	
    NaN	  9.000	  0.000	
    NaN	  9.000	  0.000	
