unmerged
  0.926	  7.000	108.000	
  0.570	  1.000	349.000	
  0.961	  0.000	127.000	
  0.530	  3.000	181.000	
  0.920	  6.000	176.000	
  0.471	  4.000	293.000	
  0.433	  8.000	312.000	
  0.351	  7.000	208.000	
  0.455	  0.000	143.000	
  0.990	  2.000	103.000	

merged
  0.547	  7.000	316.000	
  0.570	  1.000	349.000	
  0.693	  0.000	270.000	
  0.530	  3.000	181.000	
  0.920	  6.000	176.000	
  0.471	  4.000	293.000	
  0.433	  8.000	312.000	
  0.990	  2.000	103.000	
    NaN	  9.000	  0.000	
    NaN	  9.000	  0.000	
