unmerged
  0.225	  9.000	908.000	
  0.947	  8.000	302.000	
  0.984	  2.000	190.000	
  0.536	  4.000	470.000	
  0.874	  0.000	182.000	
  0.978	  6.000	180.000	
  0.979	  0.000	191.000	
  0.740	  1.000	384.000	
  0.933	  0.000	134.000	
  0.963	  0.000	109.000	
  0.932	  6.000	424.000	
  0.863	  7.000	262.000	
  0.816	  1.000	380.000	
  0.917	  5.000	156.000	
  0.972	  5.000	249.000	
  0.515	  3.000	293.000	
  0.973	  7.000	222.000	
  0.831	  3.000	356.000	
  0.506	  4.000	334.000	
  0.989	  2.000	274.000	

merged
  0.225	  9.000	908.000	
  0.947	  8.000	302.000	
  0.984	  2.000	190.000	
  0.536	  4.000	470.000	
  0.874	  0.000	182.000	
  0.978	  6.000	180.000	
  0.979	  0.000	191.000	
  0.740	  1.000	384.000	
  0.933	  0.000	134.000	
  0.963	  0.000	109.000	
  0.932	  6.000	424.000	
  0.863	  7.000	262.000	
  0.816	  1.000	380.000	
  0.917	  5.000	156.000	
  0.972	  5.000	249.000	
  0.515	  3.000	293.000	
  0.973	  7.000	222.000	
  0.831	  3.000	356.000	
  0.506	  4.000	334.000	
  0.989	  2.000	274.000	
