unmerged
  0.722	  1.000	367.000	
  1.000	  6.000	102.000	
  0.773	  1.000	432.000	
  0.484	  3.000	320.000	
  0.855	  3.000	393.000	
  0.503	  4.000	330.000	
  0.982	  2.000	285.000	
  0.952	  6.000	167.000	
  0.912	  0.000	217.000	
  0.977	  0.000	218.000	
  0.765	  8.000	405.000	
  0.989	  2.000	181.000	
  0.921	  6.000	329.000	
  0.978	  0.000	180.000	
  0.441	  4.000	894.000	
  0.905	  5.000	158.000	
  1.000	  8.000	163.000	
  0.717	  7.000	410.000	
  0.954	  5.000	240.000	
  0.967	  7.000	209.000	

merged
  0.750	  1.000	799.000	
  0.943	  6.000	598.000	
  0.484	  3.000	320.000	
  0.470	  3.000	723.000	
  0.982	  2.000	285.000	
  0.356	  4.000	1111.000	
  0.531	  8.000	586.000	
  0.905	  5.000	158.000	
  0.483	  0.000	808.000	
    NaN	  9.000	  0.000	
