unmerged
  0.660	  6.000	 94.000	
  0.556	  4.000	 72.000	
  0.967	  7.000	 30.000	
  0.326	  2.000	 86.000	
  0.622	  1.000	 74.000	
  0.500	  3.000	 16.000	
  0.465	  3.000	 71.000	
  0.547	  7.000	 53.000	
  0.906	  6.000	 32.000	
  0.820	  0.000	 61.000	
  0.500	  9.000	 24.000	
  0.828	  0.000	 29.000	
  0.455	  4.000	 22.000	
  0.789	  5.000	 38.000	
  0.397	  9.000	 73.000	
  0.519	  5.000	 52.000	
  1.000	  2.000	 40.000	
  0.829	  1.000	 35.000	
  0.849	  3.000	 53.000	
  0.933	  8.000	 45.000	

merged
  0.660	  6.000	 94.000	
  0.556	  4.000	 72.000	
  0.967	  7.000	 30.000	
  0.326	  2.000	 86.000	
  0.622	  1.000	 74.000	
  0.500	  3.000	 16.000	
  0.465	  3.000	 71.000	
  0.547	  7.000	 53.000	
  0.906	  6.000	 32.000	
  0.820	  0.000	 61.000	
  0.500	  9.000	 24.000	
  0.828	  0.000	 29.000	
  0.455	  4.000	 22.000	
  0.789	  5.000	 38.000	
  0.397	  9.000	 73.000	
  0.519	  5.000	 52.000	
  1.000	  2.000	 40.000	
  0.829	  1.000	 35.000	
  0.849	  3.000	 53.000	
  0.933	  8.000	 45.000	
