unmerged
  0.982	  2.000	219.000	
  0.879	  6.000	290.000	
  0.497	  7.000	652.000	
  0.506	  3.000	698.000	
  0.551	  5.000	336.000	
  0.577	  1.000	409.000	
  0.459	  4.000	519.000	
  0.973	  0.000	256.000	
  0.984	  6.000	124.000	
  0.410	  8.000	497.000	

merged
  0.982	  2.000	219.000	
  0.911	  6.000	414.000	
  0.497	  7.000	652.000	
  0.506	  3.000	698.000	
  0.551	  5.000	336.000	
  0.577	  1.000	409.000	
  0.459	  4.000	519.000	
  0.973	  0.000	256.000	
  0.410	  8.000	497.000	
    NaN	  9.000	  0.000	
