merged
  0.940	  3.000	 67.000	
  0.974	  2.000	 38.000	
  0.467	  1.000	 30.000	
  0.467	  5.000	 30.000	
  0.363	  9.000	157.000	
  0.703	  1.000	 37.000	
  0.929	  8.000	 14.000	
  0.841	  7.000	 63.000	
  0.500	  4.000	 48.000	
  0.516	  5.000	 64.000	
  0.958	  2.000	 24.000	
  0.781	  8.000	 32.000	
  0.364	  1.000	 66.000	
  1.000	  6.000	 32.000	
  0.788	  4.000	 52.000	
  0.851	  6.000	 67.000	
  0.569	  7.000	 51.000	
  0.829	  8.000	 41.000	
  0.894	  0.000	 47.000	
  0.900	  1.000	 40.000	
