unmerged
  0.760	  1.000	275.000	
  0.985	  2.000	401.000	
  0.433	  9.000	1526.000	
  0.801	  7.000	582.000	
  0.924	  6.000	317.000	
  0.962	  0.000	369.000	
  0.857	  1.000	349.000	
  0.966	  6.000	507.000	
  0.983	  7.000	299.000	
  0.974	  5.000	378.000	
  0.819	  3.000	612.000	
  0.949	  6.000	178.000	
  0.542	  4.000	535.000	
  0.480	  3.000	805.000	
  0.960	  8.000	648.000	
  0.936	  0.000	423.000	
  0.575	  4.000	530.000	
  0.882	  5.000	255.000	
  0.743	  1.000	657.000	
  0.977	  2.000	354.000	

