unmerged
  0.980	  0.000	150.000	
  0.902	  1.000	123.000	
  0.512	  4.000	209.000	
  0.749	  7.000	187.000	
  0.870	  8.000	200.000	
  0.979	  6.000	 95.000	
  0.953	  7.000	191.000	
  0.963	  2.000	163.000	
  0.629	  4.000	194.000	
  0.973	  2.000	112.000	
  0.445	  1.000	422.000	
  0.854	  6.000	158.000	
  0.897	  3.000	165.000	
  0.436	  9.000	436.000	
  0.888	  8.000	 98.000	
  0.941	  0.000	238.000	
  0.968	  6.000	154.000	
  0.951	  5.000	142.000	
  0.395	  1.000	253.000	
  0.555	  3.000	310.000	

