unmerged
  0.800	  5.000	120.000	
  1.000	  2.000	 57.000	
  0.532	  3.000	158.000	
  0.910	  6.000	310.000	
  0.965	  2.000	 86.000	
  0.493	  9.000	282.000	
  0.233	  1.000	399.000	
  0.866	  1.000	164.000	
  0.557	  4.000	348.000	
  0.525	  4.000	120.000	
  0.990	  6.000	 98.000	
  0.497	  5.000	308.000	
  0.967	  0.000	213.000	
  0.698	  7.000	202.000	
  0.428	  8.000	264.000	
  0.937	  8.000	206.000	
  0.968	  7.000	157.000	
  0.771	  1.000	214.000	
  0.967	  0.000	153.000	
  0.993	  2.000	141.000	

