merged
  0.685	  1.000	162.000	
  0.555	  5.000	146.000	
  0.647	  8.000	136.000	
  0.421	  9.000	216.000	
  0.835	  3.000	109.000	
  0.917	  2.000	 60.000	
  0.971	  7.000	 70.000	
  0.971	  6.000	 70.000	
  0.932	  0.000	 74.000	
  0.943	  8.000	 70.000	
  0.984	  0.000	 64.000	
  0.859	  6.000	142.000	
  0.603	  7.000	146.000	
  0.961	  4.000	 51.000	
  0.924	  2.000	 66.000	
  0.727	  1.000	121.000	
  0.493	  9.000	 75.000	
  0.478	  3.000	134.000	
  0.522	  4.000	 46.000	
  1.000	  2.000	 42.000	
