unmerged
  0.936	  7.000	 78.000	
  0.513	  3.000	199.000	
  0.611	  4.000	 54.000	
  0.906	  6.000	 85.000	
  0.459	  9.000	185.000	
  0.474	  4.000	154.000	
  1.000	  0.000	 41.000	
  0.696	  5.000	 56.000	
  0.720	  3.000	 82.000	
  0.514	  1.000	243.000	
  0.947	  0.000	 38.000	
  0.919	  5.000	 86.000	
  0.765	  7.000	 85.000	
  0.894	  6.000	 94.000	
  1.000	  2.000	 95.000	
  0.322	  2.000	236.000	
  1.000	  0.000	 58.000	
  1.000	  7.000	 37.000	
  0.833	  0.000	 66.000	
  0.964	  6.000	 28.000	

