unmerged
  0.765	  3.000	 51.000	
  0.321	  9.000	140.000	
  0.564	  5.000	 39.000	
  0.495	  3.000	 91.000	
  0.560	  8.000	 25.000	
  0.730	  1.000	 37.000	
  0.814	  1.000	 43.000	
  0.769	  4.000	 52.000	
  0.963	  0.000	 27.000	
  1.000	  2.000	 24.000	
  0.487	  1.000	 78.000	
  1.000	  6.000	 38.000	
  0.577	  8.000	 52.000	
  0.907	  0.000	 43.000	
  0.917	  6.000	 12.000	
  0.919	  2.000	 37.000	
  1.000	  2.000	 15.000	
  0.333	  4.000	 66.000	
  0.808	  7.000	 78.000	
  0.769	  6.000	 52.000	

