unmerged
  0.463	  9.000	147.000	
  0.960	  0.000	 25.000	
  0.950	  2.000	 20.000	
  0.879	  6.000	 33.000	
  0.627	  8.000	 67.000	
  1.000	  4.000	  5.000	
  0.510	  3.000	 98.000	
  1.000	  0.000	 23.000	
  0.750	  5.000	 24.000	
  1.000	  7.000	 40.000	
  0.781	  8.000	 32.000	
  0.724	  6.000	 29.000	
  0.765	  0.000	 51.000	
  0.745	  4.000	 51.000	
  0.923	  5.000	 26.000	
  0.952	  2.000	 21.000	
  0.862	  6.000	 29.000	
  0.510	  1.000	196.000	
  0.413	  7.000	 63.000	
  0.800	  6.000	 20.000	

