unmerged
  0.912	  6.000	658.000	
  0.428	  3.000	829.000	
  0.725	  4.000	487.000	
  0.465	  9.000	1379.000	
  0.833	  1.000	442.000	
  0.797	  1.000	295.000	
  0.949	  0.000	413.000	
  0.707	  1.000	557.000	
  0.934	  8.000	665.000	
  0.965	  0.000	312.000	
  0.972	  7.000	423.000	
  0.776	  7.000	513.000	
  0.989	  6.000	355.000	
  0.974	  0.000	272.000	
  0.850	  3.000	620.000	
  0.908	  5.000	142.000	
  0.984	  2.000	805.000	
  0.970	  5.000	336.000	
  0.876	  5.000	169.000	
  0.610	  4.000	328.000	

