merged
  0.556	  1.000	 63.000	
  0.952	  2.000	 42.000	
  0.649	  3.000	 74.000	
  0.878	  7.000	 41.000	
  0.927	  6.000	 41.000	
  0.943	  0.000	 35.000	
  0.920	  1.000	 25.000	
  0.907	  7.000	 43.000	
  0.735	  3.000	 34.000	
  0.618	  4.000	 68.000	
  0.439	  9.000	114.000	
  0.661	  1.000	 62.000	
  0.536	  8.000	 84.000	
  0.887	  6.000	 62.000	
  0.852	  8.000	 27.000	
  0.964	  0.000	 55.000	
  0.625	  5.000	 24.000	
  0.509	  4.000	 53.000	
  0.781	  5.000	 32.000	
  1.000	  2.000	 21.000	
