unmerged
  0.500	  3.000	 54.000	
  0.872	  0.000	 39.000	
  0.543	  5.000	 46.000	
  0.738	  3.000	 65.000	
  0.950	  8.000	 40.000	
  1.000	  0.000	 15.000	
  0.471	  9.000	 34.000	
  0.941	  2.000	 51.000	
  0.725	  4.000	 40.000	
  0.704	  6.000	 71.000	
  0.404	  1.000	 89.000	
  0.500	  4.000	 26.000	
  0.957	  0.000	 23.000	
  0.629	  4.000	 35.000	
  0.938	  2.000	 16.000	
  0.444	  9.000	 72.000	
  0.609	  7.000	 87.000	
  0.504	  1.000	127.000	
  1.000	  6.000	 47.000	
  0.957	  7.000	 23.000	

