unmerged
  0.803	  1.000	559.000	
  0.835	  1.000	649.000	
  0.932	  6.000	382.000	
  0.937	  0.000	599.000	
  0.944	  6.000	462.000	
  0.960	  7.000	302.000	
  0.537	  3.000	934.000	
  0.988	  2.000	565.000	
  0.991	  2.000	212.000	
  0.949	  8.000	680.000	
  0.877	  3.000	432.000	
  0.564	  4.000	383.000	
  1.000	  6.000	167.000	
  0.611	  4.000	553.000	
  0.959	  5.000	391.000	
  0.636	  5.000	165.000	
  0.914	  5.000	151.000	
  0.872	  7.000	585.000	
  0.970	  0.000	397.000	
  0.399	  9.000	1432.000	

