unmerged
  0.434	  1.000	122.000	
  0.864	  0.000	 22.000	
  0.952	  3.000	 42.000	
  0.603	  8.000	 58.000	
  0.461	  9.000	 89.000	
  0.651	  3.000	 43.000	
  0.676	  7.000	 37.000	
  0.571	  4.000	 77.000	
  1.000	  0.000	 31.000	
  1.000	  2.000	 36.000	
  0.908	  6.000	 65.000	
  0.881	  5.000	 59.000	
  0.894	  8.000	 47.000	
  1.000	  2.000	 21.000	
  0.571	  4.000	 21.000	
  0.606	  0.000	 33.000	
  0.877	  7.000	 57.000	
  0.573	  1.000	 82.000	
  0.962	  0.000	 26.000	
  1.000	  6.000	 32.000	

