unmerged
  1.000	  2.000	 26.000	
  0.719	  3.000	 32.000	
  0.806	  3.000	 36.000	
  0.962	  6.000	 53.000	
  0.796	  1.000	 49.000	
  0.943	  7.000	 53.000	
  0.529	  4.000	 34.000	
  0.461	  4.000	102.000	
  0.377	  9.000	 61.000	
  1.000	  2.000	 33.000	
  0.636	  7.000	 33.000	
  0.969	  0.000	 32.000	
  0.574	  5.000	 61.000	
  0.190	  1.000	105.000	
  0.795	  5.000	 39.000	
  0.903	  0.000	 31.000	
  0.839	  8.000	 31.000	
  0.569	  1.000	 72.000	
  0.824	  8.000	 51.000	
  0.606	  6.000	 66.000	

