unmerged
  0.957	  0.000	 46.000	
  1.000	  2.000	 25.000	
  0.967	  6.000	 30.000	
  0.788	  8.000	 33.000	
  1.000	  0.000	 27.000	
  0.211	  2.000	 95.000	
  0.652	  0.000	 23.000	
  0.621	  4.000	 29.000	
  0.720	  1.000	 75.000	
  0.982	  7.000	 55.000	
  0.634	  1.000	 71.000	
  0.725	  4.000	 51.000	
  0.447	  9.000	 85.000	
  0.433	  3.000	 67.000	
  0.833	  5.000	 24.000	
  0.854	  3.000	 48.000	
  0.347	  7.000	 75.000	
  0.786	  5.000	 42.000	
  0.890	  6.000	 73.000	
  1.000	  2.000	 26.000	

