unmerged
  0.934	  7.000	198.000	
  0.905	  6.000	158.000	
  0.651	  5.000	109.000	
  0.978	  6.000	 91.000	
  0.688	  3.000	199.000	
  0.949	  5.000	156.000	
  0.838	  5.000	105.000	
  0.537	  7.000	307.000	
  0.965	  0.000	115.000	
  0.905	  0.000	168.000	
  0.672	  1.000	317.000	
  0.902	  8.000	153.000	
  0.983	  0.000	115.000	
  0.544	  4.000	498.000	
  0.910	  8.000	167.000	
  0.489	  9.000	219.000	
  0.933	  6.000	149.000	
  0.860	  3.000	207.000	
  0.472	  2.000	449.000	
  0.992	  2.000	120.000	

