unmerged
  0.926	  6.000	645.000	
  0.982	  2.000	279.000	
  0.481	  3.000	828.000	
  0.798	  4.000	525.000	
  0.989	  7.000	357.000	
  0.964	  0.000	304.000	
  0.981	  6.000	363.000	
  0.992	  2.000	242.000	
  0.898	  3.000	540.000	
  0.862	  5.000	268.000	
  0.968	  0.000	344.000	
  0.966	  8.000	642.000	
  0.950	  0.000	342.000	
  0.657	  5.000	613.000	
  0.426	  9.000	1309.000	
  0.537	  4.000	445.000	
  0.982	  2.000	284.000	
  0.736	  1.000	721.000	
  0.698	  7.000	619.000	
  0.891	  1.000	330.000	

