zeroOne
zero_one_1000_2_16_merged
merged
  0.998	  1.000	1001.000	
  0.999	  0.000	999.000	

oneSeven
one_seven_1000_2_57_merged
merged
  0.998	  7.000	953.000	
  0.953	  1.000	1047.000	

zeroSix
zero_six_1000_4_57_merged
merged
  0.970	  1.000	1027.000	
  0.968	  6.000	1009.000	
  0.996	  3.000	977.000	
  0.985	  0.000	987.000	

All
all_1000_10_1_merged
merged
  0.953	  0.000	466.000	
  0.301	  9.000	3198.000	
  0.995	  2.000	604.000	
  0.580	  5.000	797.000	
  0.625	  1.000	717.000	
  0.921	  8.000	709.000	
  0.945	  6.000	760.000	
  0.550	  3.000	1575.000	
  0.811	  1.000	671.000	
  0.946	  0.000	503.000	

zeroOne
zero_one_1000_3_10_merged
merged
  0.996	  1.000	1004.000	
  1.000	  0.000	996.000	

oneSeven
one_seven_1000_3_57_merged
merged
  0.998	  7.000	947.000	
  0.948	  1.000	1053.000	

zeroSix
zero_six_1000_7_16_merged
merged
  0.976	  0.000	961.000	
  0.924	  1.000	1078.000	
  0.996	  3.000	927.000	
  0.939	  6.000	1034.000	

All
all_1000_20_56_merged
merged
  0.945	  6.000	1008.000	
  0.985	  2.000	805.000	
  0.645	  3.000	1368.000	
  0.678	  4.000	970.000	
  0.804	  7.000	976.000	
  0.961	  0.000	990.000	
  0.862	  5.000	268.000	
  0.966	  8.000	642.000	
  0.426	  9.000	1309.000	
  0.523	  1.000	1334.000	

